 25 58 21 60 10 74 55 19 39 42 71 76 34 27 55 65 74 9 10 78 34 68 8 15 15
 52 17 26 19 15 4 14 24 32 28 98 29 36 20 88 4 84 67 49 61 4 82 53 98 47
 85 69 89 98 74 1 33 82 24 7 26 51 22 72 46 6 19 46 6 40 19 47 37 64 30
 99 93 54 43 42 1 78 14 35 70 58 95 77 4 99 73 35 50 41 86 15 98 40 21 36
 44 36 44 79 37 41 11 51 43 71 34 8 8 62 61 41 27 23 88 81 57 13 11 46 71
 46 9 98 8 45 32 74 77 44 41 13 60 14 47 87 21 93 47 60 84 22 8 82 60 28
 23 55 57 95 90 12 66 28 32 23 51 88 64 78 88 96 27 2 33 99 5 20 23 45 86
 5 14 14 98 91 92 59 44 24 22 22 93 53 22 56 98 98 20 44 65 43 13 8 46 96
 38 46 12 71 7 21 14 48 71 78 29 56 36 23 74 12 83 77 77 23 29 99 10 9 23
 43 53 71 68 72 24 41 50 66 32 94 25 37 42 23 1 17 93 12 91 82 54 31 49 63
 34 74 64 45 64 26 45 38 32 27 62 71 35 64 63 32 50 90 63 5 60 57 53 66 50
 51 17 89 49 5 92 93 77 72 28 88 83 51 32 91 27 63 31 32 69 87 56 97 88 69
 29 90 71 65 55 16 86 17 32 72 20 72 42 61 66 7 87 42 32 95 25 58 89 45 55
 85 36 30 49 59 38 7 57 95 8 75 36 2 68 83 93 4 56 40 13 29 33 38 83 48
 5 68 32 94 32 88 4 72 39 29 4 62 23 35 40 10 48 90 67 49 99 49 17 54 55
 81 23 65 29 47 12 75 14 41 48 87 24 57 59 59 7 61 19 29 69 57 8 96 71 84
 83 91 63 6 51 16 84 6 58 6 26 33 6 32 58 87 4 75 30 93 71 93 84 78 58
 44 25 59 4 46 72 13 93 50 92 14 7 88 78 88 23 72 95 86 65 67 71 12 71 2
 89 15 89 66 84 38 71 67 70 72 29 60 77 81 94 62 90 75 45 68 20 32 34 12 53
 37 1 94 63 64 1 69 59 16 23 23 4 58 72 88 78 23 77 13 26 29 62 4 97 77
 6 95 56 23 17 90 89 57 20 78 37 22 94 21 87 69 79 81 85 55 79 15 71 28 26
 41 58 40 45 39 22 68 14 66 4 10 16 3 54 60 24 70 5 71 44 17 47 9 35 90
 69 23 25 5 39 1 44 87 69 8 38 64 86 90 13 49 86 59 29 48 38 33 65 99 77
 52 76 41 7 24 82 96 60 80 39 41 18 65 30 8 74 12 63 88 59 43 72 64 52 65
 53 24 93 70 87 92 42 11 73 13 65 25 6 53 9 53 83 23 78 6 83 19 18 33 27
 4 96 2 33 20 36 6 54 66 72 67 48 90 25 2 10 5 9 36 40 50 90 58 74 31
 39 35 97 94 11 5 72 92 69 67 22 54 8 75 39 19 85 65 15 52 44 1 46 95 43
 43 47 63 19 79 43 90 88 66 91 22 25 87 35 21 97 79 10 43 36 49 61 64 85 2
 46 77 38 82 45 11 57 70 93 38 40 72 92 10 64 20 57 3 91 86 64 83 82 63 31
 64 66 36 26 54 74 91 46 20 88 89 65 99 32 40 19 96 54 60 98 26 7 56 49 4
 60 88 74 8 26 17 41 70 12 52 26 30 32 9 3 94 22 75 54 99 11 8 40 63 56
 48 85 14 88 91 92 60 75 47 42 32 53 46 55 11 37 83 85 17 69 18 94 9 5 38
 3 45 7 28 15 27 52 27 69 19 15 90 32 36 7 81 31 44 42 60 13 47 79 90 26
 30 92 84 99 71 7 29 53 63 56 85 55 25 27 8 73 27 94 16 94 25 85 21 93 76
 38 77 16 30 47 62 34 48 14 56 55 8 71 44 24 92 32 33 2 44 93 46 88 85 84
 53 91 4 17 72 64 70 68 9 12 60 71 52 75 79 58 3 6 83 52 6 85 18 89 17
 42 72 70 80 26 47 13 15 48 40 86 32 41 4 60 76 26 24 17 44 85 34 21 39 49
 25 54 15 93 21 72 12 3 37 49 70 17 65 60 83 62 58 26 18 71 80 52 55 65 7
 45 86 19 52 11 6 34 34 33 90 28 28 58 31 56 8 95 56 92 19 38 77 81 38 18
 27 10 83 2 98 55 75 65 92 74 50 55 31 47 20 11 93 20 94 54 44 39 4 44 7
 26 79 8 12 33 73 7 58 91 92 93 69 47 43 6 83 72 42 1 55 89 8 48 30 69
 76 42 83 58 29 2 92 28 14 3 15 53 93 83 24 69 59 46 44 68 11 82 93 18 45
 52 16 10 73 26 37 52 41 68 51 15 37 82 50 30 27 4 36 69 11 73 19 69 51 14
 46 26 69 97 32 7 84 21 28 43 57 93 46 29 75 86 10 26 28 22 71 22 45 87 80
 1 35 76 24 18 64 86 26 84 7 27 11 30 77 7 5 2 96 15 37 26 8 41 81 51
 48 31 74 56 37 70 68 81 47 41 28 63 82 85 93 62 60 44 6 99 15 99 67 66 45
 84 70 33 52 94 25 24 44 35 8 20 59 91 16 28 94 62 87 6 22 63 82 15 61 10
 11 91 17 99 14 41 98 57 95 59 55 32 31 80 26 40 44 76 71 85 17 31 67 34 23
 96 13 95 71 53 57 35 10 12 86 61 68 4 34 23 56 29 59 61 79 6 58 6 98 67
 51 43 69 56 10 13 34 37 70 70 43 26 93 89 36 59 64 70 87 14 14 6 57 2 91
 8 27 72 80 20 23 84 80 4 8 14 84 45 71 77 12 75 88 46 98 72 72 35 34 23
 40 16 36 15 28 61 47 45 60 84 45 94 41 11 48 70 53 10 85 91 10 91 44 94 51
 79 9 50 15 36 60 54 68 17 53 16 70 23 90 46 58 30 99 67 75 21 99 57 87 69
 15 35 76 54 12 76 35 77 12 48 92 85 84 59 93 46 2 46 75 94 83 26 45 39 69
 6 79 53 29 26 52 59 94 74 1 7 11 23 24 82 15 3 40 77 17 62 20 79 38 53
 29 69 13 93 45 27 85 41 75 52 1 97 50 55 27 98 97 16 64 77 80 67 44 84 35
 30 25 94 86 63 61 93 5 77 32 76 12 76 33 86 12 61 11 35 84 25 33 50 91 17
 56 85 65 38 74 58 81 67 99 2 99 4 56 30 34 54 21 78 76 85 20 89 17 3 95
 88 13 58 1 66 52 61 43 79 12 85 58 32 63 96 17 66 29 38 18 6 48 71 58 94
 78 47 77 78 57 10 67 30 10 6 26 32 84 39 9 49 41 2 24 36 51 28 79 61 79
 81 86 6 27 1 8 71 85 19 89 24 10 26 93 42 67 64 70 64 41 5 5 10 26 35
 52 94 51 92 57 23 25 66 87 12 1 18 11 3 20 4 34 18 45 83 12 2 92 82 86
 56 60 96 29 73 87 12 26 27 35 81 11 41 20 43 60 26 60 48 7 96 71 24 63 48
 2 30 88 17 50 85 96 21 45 34 98 8 60 8 59 31 11 9 98 81 71 65 95 99 28
 61 46 68 12 17 11 93 85 40 17 35 5 56 8 7 81 19 46 3 78 67 91 9 52 75
 79 26 88 63 80 24 26 92 32 92 91 10 12 29 64 68 30 51 89 13 99 20 61 18 23
 36 7 85 79 79 94 60 4 33 99 89 21 28 16 19 79 97 43 29 59 38 72 2 96 53
 92 43 35 98 71 55 28 19 39 45 36 13 74 33 89 24 36 27 92 54 28 77 69 18 72
 83 84 31 24 48 8 66 76 46 43 15 86 70 32 64 22 90 68 61 38 66 76 92 86 17
 77 8 71 5 30 71 56 73 58 83 37 14 34 52 84 18 53 14 14 81 32 34 22 79 81
 28 94 80 95 35 17 19 99 4 15 50 27 15 6 93 26 80 44 27 11 98 8 59 58 84
 59 47 98 88 47 75 64 7 49 98 2 6 80 85 70 4 68 97 70 23 65 37 65 64 51
 46 54 58 43 8 59 73 24 10 69 41 9 89 36 72 56 9 5 88 61 91 28 21 39 52
 30 24 63 18 61 3 54 27 31 91 76 16 26 30 44 23 13 97 26 84 89 47 64 67 84
 2 20 62 78 23 56 62 62 81 97 70 24 63 96 47 52 48 88 34 50 82 54 90 52 11
 84 38 90 8 4 86 5 14 92 64 46 19 98 71 64 33 80 90 13 90 29 17 13 44 87
 41 5 53 75 81 52 8 15 45 70 61 29 66 96 96 64 82 2 24 94 28 21 55 4 42
 99 16 59 38 69 11 43 1 92 5 59 40 72 40 50 81 81 92 20 26 56 80 10 82 30
 18 3 26 77 1 85 98 66 37 30 41 54 96 59 37 14 38 36 89 81 23 4 23 33 51
 45 54 1 52 3 31 52 85 75 95 29 65 12 64 92 60 88 78 24 70 55 50 16 96 13
 21 32 52 93 17 9 12 80 93 38 65 2 24 87 42 3 24 13 9 75 16 11 4 74 95
 59 72 57 53 59 31 99 91 9 65 26 12 40 87 74 6 10 74 92 65 92 38 50 27 21
 30 18 42 69 39 7 56 81 53 45 44 74 87 66 83 26 40 99 30 89 21 84 87 28 92
 21 49 15 59 63 54 20 73 47 88 5 47 79 51 38 74 68 1 21 31 25 86 2 49 85
 98 72 1 66 88 1 70 62 3 36 13 52 49 93 3 60 96 77 53 65 51 87 94 27 10
 50 15 61 44 82 64 17 49 78 77 13 41 46 6 1 14 27 84 86 31 88 8 72 71 92
 9 28 44 62 19 41 24 70 61 79 15 41 99 56 48 64 12 64 18 86 52 49 46 86 87
 30 37 77 60 7 18 81 54 44 30 41 19 60 38 6 6 94 15 35 10 75 90 17 95 59
 91 44 94 42 20 9 12 92 91 45 28 26 18 87 18 18 86 67 34 73 19 65 61 38 37
 25 27 15 57 95 28 48 34 18 90 12 73 23 31 50 30 62 26 13 81 77 2 20 1 18
 42 59 24 94 12 25 96 65 66 52 10 50 56 82 97 45 87 21 20 49 21 40 46 7 21
 72 18 95 89 26 58 95 98 41 97 66 56 18 30 38 47 42 57 21 74 22 49 59 19 67
 57 54 41 54 3 64 73 24 8 22 65 60 17 58 51 61 56 11 80 50 12 78 97 85 51
 96 78 42 96 30 62 63 80 1 17 4 66 68 48 82 78 79 36 52 24 7 34 87 16 25
 60 66 50 45 63 51 62 65 90 64 37 95 86 81 54 3 2 61 91 42 45 35 77 42 70
 91 25 84 16 26 63 93 4 1 79 46 21 40 96 40 30 62 29 79 41 70 79 88 25 97
 41 51 6 17 66 95 45 99 18 30 44 57 28 9 31 92 42 57 75 91 66 48 63 19 70
 99 64 35 29 49 17 1 57 78 45 81 89 88 5 96 79 75 47 97 8 86 83 15 57 73
 67 30 12 9 89 41 99 62 11 95 64 95 35 55 63 99 43 55 89 54 19 96 68 58 10
 72 13 86 78 65 95 43 65 75 92 79 14 37 12 48 2 5 38 24 62 30 13 87 77 4
